comuna,apruebo_p22,rechazo_p22,byn_p22,novoto_p22
ALGARROBO,0.32088104624241287,0.5537200425505288,0.02064952130655153,0.10474938990050685
ALHUE,0.29779169413315754,0.5379037574159525,0.02290705339485827,0.14139749505603164
ALTO BIOBIO,0.22984531392174704,0.5941765241128298,0.04222020018198362,0.1337579617834395
ALTO DEL CARMEN,0.26458832933653076,0.5353717026378897,0.02018385291766587,0.17985611510791366
ALTO HOSPICIO,0.2293506327903344,0.5918422646561893,0.019940068220217412,0.15886703433325894
ANCUD,0.2662085062240664,0.5639522821576763,0.018983402489626554,0.1508558091286307
ANDACOLLO,0.3932634198364735,0.4614290792747956,0.025595449697831497,0.1197120511908994
ANGOL,0.16630355846042122,0.6845444059976932,0.01497287368106284,0.13417916186082277
ANTOFAGASTA,0.31922326775021387,0.4942343883661249,0.019993156544054747,0.1665491873396065
ANTUCO,0.20428015564202334,0.5747946389969736,0.020103761348897537,0.2008214440121055
ARAUCO,0.21961484504527484,0.666177783445989,0.019417166177783447,0.09479020533095268
ARICA,0.26143349580643743,0.519002766433935,0.023371975585122735,0.1961917621745049
AYSEN,0.26280485096175205,0.4583092710230554,0.016303140686775353,0.2625827373284172
BUIN,0.34161147224713995,0.5622212118605537,0.01725260816672606,0.0789147077255803
BULNES,0.2025862068965517,0.6571360153256705,0.019204980842911876,0.1210727969348659
CABILDO,0.3500806765704112,0.5306292772492072,0.021198464363211485,0.0980915818171702
CABO DE HORNOS,0.17376093294460643,0.4740524781341108,0.0011661807580174927,0.3510204081632653
CABRERO,0.17653670258119525,0.7149833346252229,0.01798310208510968,0.09049686070847221
CALAMA,0.2318748842092262,0.5579880195146051,0.01939109491755697,0.19074600135861175
CALBUCO,0.20624829715738807,0.5831138558411285,0.019768110677201585,0.19086973632428178
CALDERA,0.38757032917286427,0.4526935264825713,0.019142469119834443,0.14059367522473
CALERA,0.3707310535837931,0.48354961917312544,0.022201871747336444,0.12351745549574501
CALERA DE TANGO,0.31256347979686466,0.5853830867741223,0.01766394347538088,0.08438948995363214
CALLE LARGA,0.3221178050008391,0.5720758516529619,0.018039939587179057,0.08776640375901996
CAMARONES,0.2130597014925373,0.4735074626865672,0.014179104477611941,0.2992537313432836
CAMINA,0.08490962589323245,0.6019335855401429,0.008827238335435058,0.30432955023118957
CANELA,0.3737254481056134,0.4414511108725985,0.021680798540302672,0.16314264248148547
CANETE,0.18918463611859837,0.668733153638814,0.017756064690026954,0.12432614555256065
CARAHUE,0.19415849673202615,0.5947712418300654,0.017606209150326797,0.1934640522875817
CARTAGENA,0.3549324496558756,0.5061432577109355,0.02136120316084629,0.11756308947234259
CASABLANCA,0.2912837173513444,0.5823964433804985,0.02205788056256145,0.1042619587055957
CASTRO,0.298010257384367,0.4973406781270776,0.019565010922214836,0.18508405356634058
CATEMU,0.2950348789495281,0.5986048420188756,0.01961427985227739,0.08674599917931883
CAUQUENES,0.1584534345838124,0.7113024412417445,0.015321265274472579,0.11492285889997059
CERRILLOS,0.3935118592195868,0.4615302218821729,0.017888293802601377,0.12706962509563888
CERRO NAVIA,0.41676966520213277,0.4509351064117716,0.01941484802829227,0.11288038035780337
CHAITEN,0.17534190651153297,0.4594815268422127,0.01653398652786283,0.3486425801183915
CHANCO,0.1741725447639718,0.7103635377102551,0.015518176885512752,0.09994574064026045
CHANARAL,0.38531715293915136,0.40709183234357516,0.019020569756433427,0.18857044496084
CHEPICA,0.2173194394538268,0.6945742005030543,0.016960114983830397,0.07114624505928854
CHIGUAYANTE,0.3435585513137309,0.5392803357068706,0.02180047665696782,0.09536063632243066
CHILE CHICO,0.2246354328265591,0.3022029165373875,0.012100527458889234,0.46106112317716413
CHILLAN,0.27502549858555014,0.5954930047276623,0.015947039918917705,0.11353445676786986
CHILLAN VIEJO,0.2625469296163639,0.6346610279204247,0.016916238726103656,0.08587580373710785
CHIMBARONGO,0.2534288572627231,0.6535966695711105,0.019524316648917288,0.07345015651724916
CHOLCHOL,0.21845259076489248,0.6159675713782164,0.021942192456820584,0.14363764540007048
CHONCHI,0.2680963185244822,0.5451950523311132,0.015516358047280979,0.17119227109712362
CISNES,0.2619918261991826,0.49645084964508496,0.015702301570230157,0.22585502258550225
COBQUECURA,0.2110822510822511,0.6538528138528139,0.016103896103896103,0.11896103896103896
COCHAMO,0.17053763440860215,0.573763440860215,0.01827956989247312,0.23741935483870968
COCHRANE,0.2528562838244137,0.42032471437161756,0.02254960914010824,0.3042693926638605
CODEGUA,0.30512514898688914,0.6063340711731653,0.022560871786139962,0.06597990805380555
COELEMU,0.21363066569901695,0.6670185392887774,0.015438411295111169,0.10391238371709441
COIHUECO,0.15955319888734354,0.7405250347705146,0.015168636995827538,0.08475312934631432
COINCO,0.2929157144777524,0.5977954026078774,0.024868933996504906,0.0844199489178653
COLBUN,0.22851021581230077,0.6586716831269269,0.018289178032084442,0.09452892302868789
COLCHANE,0.034709535988308365,0.6196565582754842,0.009499451954694921,0.33613445378151263
COLINA,0.24148336296672593,0.642997205994412,0.013187706375412752,0.10233172466344932
COLLIPULLI,0.15520115330900572,0.6791458305176375,0.01829076001261432,0.14736225616074244
COLTAUCO,0.2782142857142857,0.63125,0.02095238095238095,0.06958333333333333
COMBARBALA,0.2987378406624327,0.49529704960205806,0.029503979419567488,0.1764611303159418
CONCEPCION,0.32354724558159875,0.5090008150931393,0.016108029661438143,0.15134390966382377
CONCHALI,0.40645183967942916,0.42538028243275305,0.020483844038067786,0.14768403384974998
CONCON,0.304722228687132,0.5677147578374101,0.018246561314497173,0.10931645216096074
CONSTITUCION,0.23624433369230383,0.6417140424253049,0.020085652032357435,0.10195597185003381
CONTULMO,0.15402528276779773,0.6646706586826348,0.01679973386560213,0.1645043246839654
COPIAPO,0.3283838586629191,0.5095282071873117,0.01859867496486649,0.14348925918490263
COQUIMBO,0.3566514213063755,0.49713938534757734,0.02424068542239774,0.12196850792364944
CORONEL,0.2807017543859649,0.583628647679048,0.019425121407008795,0.1162444765279783
CORRAL,0.31000901713255186,0.4715960324616772,0.016411181244364293,0.20198376916140667
COYHAIQUE,0.25506387705980377,0.46770968339196445,0.014312164413997408,0.2629142751342344
CUNCO,0.17861339600470036,0.543918918918919,0.016304347826086956,0.2611633372502938
CURACAUTIN,0.135497694349993,0.5288555591783501,0.01252969397736271,0.3231170524942941
CURACAVI,0.36255234580168927,0.5320462772375613,0.01973170558591809,0.08566967137483143
CURACO DE VELEZ,0.23838926174496644,0.5471140939597315,0.028187919463087248,0.18630872483221478
CURANILAHUE,0.2188171321160043,0.6349355531686359,0.018629162191192268,0.12761815252416756
CURARREHUE,0.2098409771836829,0.5220096796496889,0.020396404701544135,0.24775293846508412
CUREPTO,0.2604968339016074,0.5973697028738432,0.024939113492450073,0.11719434973209937
CURICO,0.30058880276770567,0.5977179734539769,0.017888626459532285,0.08380459731878513
DALCAHUE,0.24220057829858468,0.5826358240754832,0.018566428245320347,0.15659716938061177
DIEGO DE ALMAGRO,0.3251215559157212,0.36547811993517015,0.019448946515397084,0.2899513776337115
DONIHUE,0.32840818495880947,0.5776773850651076,0.0213659314376827,0.07254849853840022
EL BOSQUE,0.40037243947858475,0.4723373580825374,0.01901243467291404,0.10827776776596383
EL CARMEN,0.16568619550326377,0.691353050205496,0.014586187444596664,0.12837456684664356
EL MONTE,0.36,0.5538864628820961,0.019563318777292577,0.06655021834061135
EL QUISCO,0.3936967522900519,0.4778681698802127,0.023252834539747615,0.10518224328998783
EL TABO,0.42504234895539245,0.46569734613212876,0.019692264257481648,0.08956804065499718
EMPEDRADO,0.175,0.7309633027522936,0.012385321100917432,0.081651376146789
ERCILLA,0.21801549993647568,0.5773091093888959,0.02629907254478465,0.17837631812984373
ESTACION CENTRAL,0.36090423411211225,0.3971373893628897,0.018650825293038832,0.22330755123195917
FLORIDA,0.19341372912801486,0.6973098330241188,0.018089053803339517,0.0911873840445269
FREIRE,0.20620021528525295,0.6285898815931109,0.02101184068891281,0.14419806243272335
FREIRINA,0.3693827160493827,0.46139917695473254,0.021893004115226336,0.14732510288065845
FRESIA,0.21060311284046693,0.6413748378728924,0.017590791180285344,0.1304312581063554
FRUTILLAR,0.22200143511618922,0.6469614174532208,0.019705249213445936,0.11133189821714412
FUTALEUFU,0.1467005076142132,0.3568527918781726,0.01649746192893401,0.4799492385786802
FUTRONO,0.18233505222795188,0.6342721142403808,0.016593944202036227,0.1667988893296311
GALVARINO,0.20421070150619955,0.6153782141965549,0.02163601564450362,0.15877506865274194
GENERAL LAGOS,0.05558912386706949,0.39093655589123866,0.013897280966767372,0.5395770392749245
GORBEA,0.18308687023878112,0.5937520005121311,0.01587606427245375,0.20728506497663401
GRANEROS,0.34355380347495984,0.5465396408234778,0.017958826106000875,0.0919477295955614
GUAITECAS,0.2437937619350732,0.44557606619987267,0.018459579885423297,0.2921705919796308
HIJUELAS,0.27888770589340517,0.6215319095634747,0.02379908561407904,0.07578129892904115
HUALAIHUE,0.23487824037706206,0.5855683986084614,0.021546403321737177,0.1580069576927393
HUALANE,0.28728830850846765,0.592736176290553,0.023668639053254437,0.09630687614772496
HUALPEN,0.3421768618925498,0.548680630589583,0.020880794615775154,0.08826171290209199
HUALQUI,0.24990488871980218,0.6287806733878638,0.021019592923720753,0.10029484496861328
HUARA,0.07792512615890154,0.26323201502171106,0.00621992723858702,0.6526229315808004
HUASCO,0.3959778901564154,0.4303187110431612,0.0203457603198871,0.15335763848053627
HUECHURABA,0.3963709997617724,0.4902326689430636,0.017575901956113183,0.0958204293390508
ILLAPEL,0.35296427169218686,0.48263554270621406,0.022593425420280543,0.1418067601813185
INDEPENDENCIA,0.32524676934814745,0.41813695102760956,0.01851366172333222,0.23810261790091078
IQUIQUE,0.26911876002785096,0.5117670208579299,0.017503708412799322,0.2016105107014198
ISLA DE MAIPO,0.3406874445884198,0.5698015412944145,0.016811020937052445,0.0726999931801132
ISLA DE PASCUA,0.3396810651803685,0.271559064870723,0.017804613717293697,0.3709552562316148
JUAN FERNANDEZ,0.36,0.2582857142857143,0.016,0.3657142857142857
LA CISTERNA,0.3797627716955282,0.43742825756921216,0.017884693713820215,0.16492427702143941
LA CRUZ,0.3257040213234442,0.5647815505852358,0.02057017035577703,0.08894425773554293
LA ESTRELLA,0.3115757266700663,0.5831208567057624,0.022182559918408975,0.08312085670576237
LA FLORIDA,0.4367112487314928,0.4378691681194869,0.01968788217844969,0.10573170097057064
LA GRANJA,0.4241670760685389,0.429932122840614,0.023000030078504898,0.12290077101234222
LA HIGUERA,0.31736263736263737,0.4997802197802198,0.023736263736263738,0.15912087912087913
LA LIGUA,0.367642318354716,0.5275610856811295,0.02030816839662175,0.08448842756753272
LA PINTANA,0.40207413069522335,0.4640408064267182,0.02068250806647214,0.11320255481158632
LA REINA,0.3344781741635276,0.5039552404165744,0.015067582539330823,0.14649900288056725
LA SERENA,0.3640187689170506,0.4891769114561925,0.02071200175091149,0.12609231787584543
LA UNION,0.22844514071504504,0.60971856990992,0.016533318413249034,0.14530297096178593
LAGO RANCO,0.20062317820886522,0.6065936275002513,0.022916876067946526,0.169866318222937
LAGO VERDE,0.22656960873521384,0.48498635122838946,0.020018198362147407,0.2684258416742493
LAGUNA BLANCA,0.22411347517730495,0.4921985815602837,0.009929078014184398,0.27375886524822696
LAJA,0.22262451840505038,0.6105927679524672,0.016014482662581812,0.15076823097990066
LAMPA,0.33380732846365707,0.5644234223446294,0.01836606394443779,0.08340318524727577
LANCO,0.24865414523268334,0.5516210072975236,0.022311281253738484,0.17741356621605456
LAS CABRAS,0.2902895923395156,0.6152558917863618,0.018779342723004695,0.07567517315111792
LAS CONDES,0.16911215393876974,0.6117151291405859,0.011111675237356117,0.20806104168328823
LAUTARO,0.1978515402978288,0.6356144140047744,0.017846993293168127,0.14868705240422872
LEBU,0.19508204172537613,0.6481523567110586,0.018090086814235715,0.13867551474932957
LICANTEN,0.29239936055805843,0.5859613428280773,0.017293997965412006,0.10434529864845225
LIMACHE,0.3184518757426583,0.549482261076218,0.022407061619419452,0.1096588015617043
LINARES,0.2514438295918614,0.6252205011719788,0.015900248894473577,0.1074354203416862
LITUECHE,0.3066078040444318,0.592281401310168,0.02677299914554258,0.07433779549985758
LLAILLAY,0.39890146002535093,0.4918078963428947,0.019435707243791372,0.089854936387963
LLANQUIHUE,0.2470924922364976,0.6299092735797357,0.01650124824940632,0.10649698593436034
LO BARNECHEA,0.14681369704004643,0.7047939640162507,0.009193267556587347,0.13919907138711549
LO ESPEJO,0.42660247114101746,0.4290620105574569,0.021718197111201345,0.12261732119032427
LO PRADO,0.4271891744833868,0.4327486071846796,0.01928058575129227,0.12078163258064134
LOLOL,0.227246952083924,0.6702580096399207,0.020555713070598242,0.08193932520555713
LONCOCHE,0.2132962822617995,0.572565365668814,0.020041261420571766,0.19409709064881478
LONGAVI,0.17445326246992496,0.7274033109491148,0.015405609221819227,0.08273781735914101
LONQUIMAY,0.14163090128755365,0.541762958071971,0.019478375701551667,0.29712776493892373
LOS ALAMOS,0.164689805957912,0.7016671221645259,0.01956818802951626,0.11407488384804591
LOS ANDES,0.34043159826790453,0.5150845554822959,0.017516973466151078,0.12696687278364846
LOS ANGELES,0.18316045062576994,0.7008623306136295,0.014883981122755649,0.10109323763784495
LOS LAGOS,0.20224602804947472,0.6103089582362987,0.013662474770998292,0.1737825389432283
LOS MUERMOS,0.14512430605841178,0.7203717113202993,0.01991310644460536,0.11459087617668356
LOS SAUCES,0.13389409817981246,0.7004964147821291,0.015444015444015444,0.15016547159404303
LOS VILOS,0.36479780382219407,0.48226164079822614,0.022384119945095555,0.13055643543448422
LOTA,0.26474459958134616,0.566779602494659,0.020846371307106325,0.14762942661688858
LUMACO,0.1619640079982226,0.6675183292601644,0.013774716729615642,0.15674294601199734
MACHALI,0.33,0.5678696741854636,0.018170426065162906,0.08395989974937343
MACUL,0.42903684991378965,0.430490396567625,0.01855527487068447,0.12191747864790088
MAFIL,0.18764457749353652,0.6419921077697646,0.016464825146278405,0.15389848959042046
MAIPU,0.45578527662067997,0.4353498681545458,0.017711876281830803,0.0911529789429434
MALLOA,0.2501188401204247,0.6647124069085724,0.017033750594200602,0.06813500237680241
MARCHIGUE,0.28348364517431685,0.6174451473953426,0.023421725669672905,0.07564948176066766
MARIA ELENA,0.24535250789196772,0.355313924938618,0.018940722553490004,0.38039284461592426
MARIA PINTO,0.3400700839377394,0.5789259229076685,0.019150843452041398,0.06185314970255073
MARIQUINA,0.2404862849261889,0.5958522756295653,0.0145578995760331,0.1491035398682127
MAULE,0.2469444030406916,0.6690639439558802,0.019376956327321507,0.06461469667610673
MAULLIN,0.19954367666232073,0.5903520208604954,0.0196870925684485,0.19041720990873534
MEJILLONES,0.33793103448275863,0.47517241379310343,0.01940886699507389,0.16748768472906403
MELIPEUCO,0.16628086419753085,0.5120884773662552,0.01993312757201646,0.30169753086419754
MELIPILLA,0.3045747987566749,0.5867239180680641,0.019685980712520923,0.0890153024627401
MOLINA,0.28811414392059553,0.6063523573200993,0.018486352357320098,0.08704714640198512
MONTE PATRIA,0.25624356105012613,0.5740523642047675,0.020711215318483783,0.1489928594266226
MOSTAZAL,0.3470376522702104,0.5598006644518272,0.02159468438538206,0.0715669988925803
MULCHEN,0.18796198521647306,0.6575652436264897,0.017762860159903453,0.1367099109971338
"NACIMIENTO",0.19635268391302554,0.6634897058216777,0.01666872962825432,0.12348888063704254
"NANCAGUA",0.28039317123642005,0.6274573202276255,0.018429901707190895,0.07371960682876358
"NATALES",0.2761375477596388,0.3913251128864189,0.01806182702327197,0.3144755123306704
"NAVIDAD",0.36221953513368266,0.51565229074298,0.031976353620851806,0.09015182050248556
NEGRETE,0.1376772377962983,0.7225890247862323,0.017967312479705597,0.12176642493776382
NINHUE,0.17368240930869266,0.6748802190280629,0.02241615331964408,0.12902121834360028
NOGALES,0.3651002633178043,0.5103807980554993,0.023344136115049624,0.10117480251164675
NUEVA IMPERIAL,0.23948426629220654,0.5805514776281355,0.017457075381374865,0.16250718069828302
NIQUEN,0.15245901639344261,0.7212204007285975,0.01557377049180328,0.11074681238615665
NUNOA,0.42054051907305545,0.41365992176175065,0.013766158978534126,0.15203340018665978
O'HIGGINS,0.18888888888888888,0.4013888888888889,0.009722222222222222,0.4
OLIVAR,0.26892477353288696,0.6374163056321387,0.024419062623079954,0.06923985821189445
OLLAGUE,0.13283884018880648,0.47673634524612274,0.012811867835468645,0.37761294672960216
OLMUE,0.29699248120300753,0.589109492481203,0.02631578947368421,0.08758223684210527
OSORNO,0.2820628927312499,0.5519972691680716,0.01782007161467404,0.14811976648600447
OVALLE,0.30704800817160366,0.5469813450889737,0.02069781194559432,0.12527283479382828
PADRE HURTADO,0.41354437988379084,0.4992987377279102,0.018513323983169707,0.06864355840512923
PADRE LAS CASAS,0.2366725442051316,0.6283637921658455,0.01924756521595834,0.11571609841306461
PAIHUANO,0.2939260394711631,0.5435907261927573,0.019543973941368076,0.14293926039471164
PAILLACO,0.20610804174340086,0.6149989768774299,0.014374872109678739,0.16451810926949048
PAINE,0.33277957506339073,0.5758153361895602,0.018781148902684272,0.07262393984436478
PALENA,0.1819400983459991,0.434957532409477,0.009834599910594547,0.37326776933392936
PALMILLA,0.2614939848922876,0.6621281357828965,0.016413317168702788,0.05996456215611303
PANGUIPULLI,0.19617211741768953,0.55770656561496,0.020347639838536945,0.22577367712881347
PANQUEHUE,0.3229308005427408,0.5905321875471129,0.018091361374943465,0.06844565053520277
PAPUDO,0.35294117647058826,0.5504965622612682,0.012834224598930482,0.08372803666921314
PAREDONES,0.2990548737480604,0.5859782762025674,0.019043588658484975,0.09592326139088729
PARRAL,0.20284402003269586,0.6712510055271558,0.014323896515037496,0.11158107792511093
PEDRO AGUIRRE CERDA,0.46988234767826786,0.38676523217321285,0.019381318779636753,0.12397110136888252
PELARCO,0.1965877820583379,0.6888277380297193,0.016840946615299945,0.09774353329664281
PELLUHUE,0.2115576635047429,0.6699950074887668,0.016974538192710935,0.10147279081377933
PEMUCO,0.20571843954446328,0.6686455052095953,0.016355706324206444,0.10928034892173491
PENCAHUE,0.20095367847411444,0.7022187621642663,0.013721292331646555,0.08310626702997276
PENCO,0.3324526432497464,0.5504470288504636,0.019461678186407493,0.09763864971338256
PENAFLOR,0.41390045687947274,0.4743460154449521,0.01897599698109139,0.09277753069448376
PENALOLEN,0.4175331413324298,0.4552644953623311,0.01993244674092584,0.10726991656431324
PERALILLO,0.2775207248891459,0.6277231540389435,0.021592442645074223,0.07316367842683633
PERQUENCO,0.21198425426447004,0.6328910919959178,0.02084852019244788,0.1342761335471643
PETORCA,0.3742364162469189,0.47851248526417317,0.027113921337477226,0.12013717715143071
PEUMO,0.32719678217821785,0.5720142326732673,0.018873762376237623,0.08191522277227722
PICA,0.2755805515239477,0.5466255442670537,0.015420899854862119,0.16237300435413643
PICHIDEGUA,0.2539279112754159,0.6409426987060998,0.01432532347504621,0.09080406654343808
PICHILEMU,0.33470468890892696,0.5396753832281335,0.0220356176735798,0.10358431018935978
PINTO,0.14781512605042016,0.7373109243697479,0.015546218487394958,0.09932773109243698
PIRQUE,0.3764705882352941,0.5249691484985602,0.018428630193336074,0.08013163307280954
PITRUFQUEN,0.2020087884494664,0.6015484410964637,0.017242100857920068,0.17920066959614983
PLACILLA,0.2635565708789227,0.6617770830828423,0.020199591198749547,0.05446675483948539
PORTEZUELO,0.2052539404553415,0.6420315236427321,0.015411558669001752,0.1373029772329247
PORVENIR,0.2579836147801371,0.37334893830463134,0.01220531683664939,0.3564621300785822
POZO ALMONTE,0.19625238371610979,0.5558411408672581,0.013348810214741729,0.2345576652018904
PRIMAVERA,0.20247148288973385,0.2747148288973384,0.0038022813688212928,0.5190114068441065
PROVIDENCIA,0.29412246090895805,0.4263276340786205,0.011299137805056262,0.2682507672073652
PUCHUNCAVI,0.3764088829371722,0.5054681397165495,0.02332328981140498,0.09479968753487333
PUCON,0.2514256748194145,0.5062729692054239,0.01995944747180332,0.22234190850335825
PUDAHUEL,0.4325314724550268,0.4488316910380942,0.0195263643908312,0.09911047211604773
PUENTE ALTO,0.44800158046154415,0.430969637852054,0.020948523873612467,0.1000802578127894
PUERTO MONTT,0.2676976382767318,0.5818246668874678,0.017971516649257342,0.132506178186543
PUERTO OCTAY,0.2644791896058137,0.5706892754899802,0.01959920722307862,0.1452323276811275
PUERTO VARAS,0.2500600423571538,0.6060129691491453,0.014541167223423069,0.12938582127027795
PUMANQUE,0.25765851341724055,0.6307290429826644,0.016148183329375444,0.09546426027071954
PUNITAQUI,0.2764107308048104,0.5654949121184089,0.02192414431082331,0.13617021276595745
PUNTA ARENAS,0.3033500851298333,0.44928811719129125,0.019254970019493497,0.22810682765938198
PUQUELDON,0.21608040201005024,0.5292370945637277,0.020785746916400182,0.23389675650982183
PUREN,0.16587598834789846,0.6593424885559717,0.01739492301290054,0.1573866000832293
PURRANQUE,0.21078306824533766,0.6190355200975659,0.015854464149601098,0.1543269475074953
PUTAENDO,0.3543554006968641,0.534773519163763,0.020209059233449476,0.09066202090592335
PUTRE,0.13038769763915964,0.4294996751137102,0.010179770413688543,0.4299328568334416
PUYEHUE,0.2195493816703371,0.6410299847535151,0.01710994409622226,0.12231068947992546
QUEILEN,0.2273473407747866,0.48785292186474066,0.01871306631648063,0.26608667104399214
QUELLON,0.2220558668777003,0.5811267485134962,0.020361894169482826,0.1764554904393207
QUEMCHI,0.2235477756717583,0.5084178838220538,0.026758835990634406,0.24127550451555357
QUILACO,0.19435028248587571,0.6526553672316384,0.01152542372881356,0.14146892655367233
QUILICURA,0.4236650772246396,0.4596569029513575,0.021714651133693853,0.09496336869030904
QUILLECO,0.15341264871634314,0.7014193279064913,0.016906700062617408,0.12826132331454812
QUILLON,0.1955132070920275,0.6745265951031238,0.018815583162465323,0.1111446146423833
QUILLOTA,0.31716014836988354,0.5376976638250797,0.02055053035725906,0.12459165744777771
QUILPUE,0.36888760139049825,0.47586906141367324,0.022950463499420627,0.13229287369640788
QUINCHAO,0.24945079086115993,0.41223637961335674,0.02240773286467487,0.31590509666080846
QUINTA DE TILCOCO,0.29844345616264295,0.5972839898348158,0.021601016518424398,0.0826715374841169
QUINTA NORMAL,0.39966920080109203,0.4060261251656487,0.018682183673266045,0.17562249035999322
QUINTERO,0.3532368855289919,0.49008020261713803,0.026516750450899882,0.1301661614029702
QUIRIHUE,0.21670053574727507,0.6432662109735822,0.019582486606318124,0.12045076667282469
RANCAGUA,0.3464876338038206,0.5335050365717717,0.01884324274799835,0.10116408687640929
RANQUIL,0.20599315068493151,0.6676369863013699,0.01797945205479452,0.10839041095890412
RAUCO,0.21548055033158467,0.6903889933683064,0.023656339701078888,0.07047411659903
RECOLETA,0.39191904537376226,0.4233941460229952,0.01972362264698415,0.1649631859562584
RENAICO,0.1650405669097258,0.6888158570401561,0.015918660778473863,0.13022491527164423
RENCA,0.4272880748069034,0.43706755539227266,0.020206261316818432,0.11543810848400557
RENGO,0.30902791765701165,0.5910848809571768,0.019075051363654675,0.08081215002215687
REQUINOA,0.26057680091475033,0.6524795663405751,0.015584635582094608,0.07135899716257993
RETIRO,0.1536648210076202,0.7519324598432103,0.01611753741571186,0.0782851817334576
RINCONADA,0.3304445350734095,0.5811582381729201,0.013866231647634585,0.07453099510603589
RIO BUENO,0.20921086843473738,0.608359334373375,0.01638065522620905,0.16604914196567863
RIO CLARO,0.21033740129217515,0.7043152269282923,0.018186168939937783,0.0671612028395948
RIO HURTADO,0.23290774299835254,0.5700164744645799,0.025329489291598024,0.17174629324546953
RIO IBANEZ,0.2504190412336574,0.4891049279249078,0.015420717398592021,0.2450553134428428
RIO NEGRO,0.21453979546465096,0.6132355120794427,0.01600711427301023,0.1562175781828961
RIO VERDE,0.17371601208459214,0.486404833836858,0.0075528700906344415,0.3323262839879154
ROMERAL,0.2270905126942823,0.6807792390463464,0.016738167241015543,0.07539208101835572
SAAVEDRA,0.23867344615618122,0.5207558624876679,0.022083934127646657,0.21848675722850422
SAGRADA FAMILIA,0.26739635563164976,0.6545799192858016,0.014308426073131956,0.06371529900941665
SALAMANCA,0.31615797417407343,0.5264967298339762,0.02071105148415227,0.1366342445077981
SAN ANTONIO,0.43332530761724936,0.43297048648511655,0.020199460164991828,0.11350474573264227
SAN BERNARDO,0.3800051756883008,0.48306716552114354,0.019005302887420007,0.11792235590313568
SAN CARLOS,0.18363402061855671,0.6787911539740605,0.016835716661124045,0.12073910874625873
SAN CLEMENTE,0.21363258520365752,0.6667965502909393,0.016910847880299253,0.1026600166251039
SAN ESTEBAN,0.2990642387455741,0.5942716236722306,0.019221041982802226,0.08744309559939302
SAN FABIAN,0.23070972732546896,0.6014310578224715,0.01527750918584413,0.15258170566621543
SAN FELIPE,0.34633556023407325,0.5248412711569385,0.020390232581270824,0.10843293602771746
SAN FERNANDO,0.3081152825180129,0.5814688408545063,0.01731765895588421,0.09309821767159651
SAN GREGORIO,0.1742671009771987,0.4234527687296417,0.017915309446254073,0.38436482084690554
SAN IGNACIO,0.15782777554573457,0.7330253113700281,0.013860988348734431,0.09528592473550287
SAN JAVIER,0.21393612813921298,0.6751038164919912,0.017129721178564365,0.09383033419023136
SAN JOAQUIN,0.46030527627125045,0.39402785992022044,0.02185757968516025,0.12380928412336886
SAN JOSE DE MAIPO,0.4203545308045122,0.44508491384653526,0.01834634932440808,0.11621420602454444
SAN JUAN DE LA COSTA,0.29836264402668283,0.5303820497271073,0.018071558520315344,0.1531837477258945
SAN MIGUEL,0.38439074454189215,0.38526777383840266,0.014517633886919202,0.21582384773278596
SAN NICOLAS,0.20521280105575718,0.6840976575387661,0.017568459254371494,0.09312108215110525
SAN PABLO,0.2565208864483232,0.5894292998627182,0.017748578152578937,0.13630123553637968
SAN PEDRO,0.2543629519790122,0.6248431618569636,0.019390897684498688,0.10140298847952549
SAN PEDRO DE ATACAMA,0.35952796030575296,0.4306021188145367,0.018774306021188146,0.1910956148585222
SAN PEDRO DE LA PAZ,0.3017605260366953,0.5932866687877824,0.016067451479478207,0.08888535369604413
SAN RAFAEL,0.22431355181576618,0.6928697962798938,0.014282550930026573,0.06853410097431355
SAN RAMON,0.41391272830828574,0.4518530024723959,0.02210917375377008,0.11212509546554826
SAN ROSENDO,0.277790945721735,0.5584261673382318,0.013036264517658214,0.15074662242237497
SAN VICENTE,0.3120426939702012,0.5899157228755645,0.019994687401898047,0.07804689575233634
SANTA BARBARA,0.16738548483045806,0.6573468173706127,0.01747471743010113,0.15779298036882808
SANTA CRUZ,0.26521118898468027,0.6342181976059046,0.01916516777274701,0.08140544563666811
SANTA JUANA,0.2009142857142857,0.676647619047619,0.0176,0.10483809523809524
SANTA MARIA,0.2794165316045381,0.6107779578606158,0.01815235008103728,0.09165316045380875
SANTIAGO,0.3081837638227576,0.35758707005066787,0.013489340741956948,0.3207398253846176
SANTO DOMINGO,0.284328780408955,0.6205447345025459,0.018992968560575446,0.0761335165279237
SIERRA GORDA,0.21050420168067227,0.4323529411764706,0.009663865546218488,0.34747899159663864
TALAGANTE,0.36992380473917774,0.5231348907309721,0.017784476262245667,0.08915682826760446
TALCA,0.3215624201084621,0.5676038793970942,0.01580696572619028,0.09502673476825335
TALCAHUANO,0.298825021391028,0.5497265004278206,0.018885221855518886,0.13256325632563257
TALTAL,0.3260258026966728,0.43942186439033853,0.017460471432728684,0.21709186148025997
TEMUCO,0.25250557939207274,0.5745291487206515,0.015362886954516632,0.15760238493275905
TENO,0.21962012923438418,0.6887801057372234,0.019815938907382025,0.07178382612101038
TEODORO SCHMIDT,0.1951271336496919,0.6495502514342375,0.022876974289963877,0.13244564062610667
TIERRA AMARILLA,0.28530004027386224,0.5500604107933951,0.022956101490132903,0.14168344744260974
TILTIL,0.34404240005234576,0.5451809199764445,0.021723483609239022,0.08905319636197082
TIMAUKEL,0.08099173553719008,0.2644628099173554,0.0049586776859504135,0.6495867768595042
TIRUA,0.19190238491403216,0.6515806988352746,0.020632279534109815,0.13588463671658346
TOCOPILLA,0.31141598605120674,0.4630632284114894,0.021611452693401853,0.203909332843902
TOLTEN,0.17541186553661556,0.5886106085134749,0.0142843538710599,0.22169317207884964
TOME,0.28517625490704024,0.5770878584381165,0.01803399557619114,0.11970189107865213
TORRES DEL PAINE,0.23501362397820164,0.5272479564032697,0.0170299727520436,0.22070844686648503
TORTEL,0.29895104895104896,0.4125874125874126,0.019230769230769232,0.2692307692307692
TRAIGUEN,0.1757360959651036,0.6318429661941112,0.015485278080697927,0.17693565976008724
TREHUACO,0.19823568575233022,0.6877496671105193,0.012316910785619174,0.10169773635153129
TUCAPEL,0.2054652112571471,0.652929382936066,0.018638152520977204,0.12296725328580976
VALDIVIA,0.34941322579294753,0.4810222848610859,0.017540432301187504,0.15202405704477903
VALLENAR,0.3243515818552542,0.508408059459341,0.022669969963386025,0.1445703887220188
VALPARAISO,0.38459258949364794,0.38984994909983406,0.019638399643001576,0.20591906176351643
VICHUQUEN,0.2704901766223457,0.6074617979757888,0.015479261758285375,0.10656876364358008
VICTORIA,0.16126443168487992,0.6607396431437921,0.014817558807186515,0.16317836636414151
VICUNA,0.3067616837918462,0.556554524361949,0.022290354656943984,0.11439343718926086
VILCUN,0.18242142488178964,0.6404815830253904,0.02006595939126634,0.15703103270155364
VILLA ALEGRE,0.19091544374563243,0.6711390635918938,0.01928721174004193,0.11865828092243187
VILLA ALEMANA,0.36110737675008164,0.49497781789548484,0.02375693790931264,0.1201578674451209
VILLARRICA,0.24059482296137338,0.5520553916309013,0.019765960300429184,0.18758382510729613
VINA DEL MAR,0.3463702510825912,0.46434077318119776,0.019052949590366495,0.17023602614584457
VITACURA,0.11141678129298486,0.6921800220537246,0.009662714427001035,0.18674048222628942
YERBAS BUENAS,0.18025997196380783,0.7311074295909264,0.015993373263667645,0.07263922518159806
YUMBEL,0.2100799376096705,0.6499317605771106,0.018765841294599336,0.12122246051861961
YUNGAY,0.2527188607823109,0.6132908730397164,0.020669350477678303,0.11332091570029441
ZAPALLAR,0.3097157403478999,0.5949299957573186,0.015697921086126432,0.07965634280865506
